06
04
06
07
04
06
07
04
05
03
05
05
03
04
03
04
05
03
04
03
03
02
02
02
03
03
02
02
02
02
02
03
03
02
02
02
02
03
04
03
03
02
03
02
03
02
03
02
02
02
03
03
02
02
02
03
04
05
03
02
03
04
03
03
02
03
05
05
03
03
02
02
02
02
02
03
04
06
09
0E
0E
08
0C
10
09
0D0D
07
0B
0D
07
0B
0C
07
0A
0D
07
0B
0C
07
0A
0C
07
0A
0D
07
0B
0D
07
0B
0E
08
0C
0E
08
0C
0F
08
0C
0F
08
0C
0E
08
0C
0F
08
0C
10
09
0D
0E
08
0C
0D
07
0B
0C
07
0A
0D
07
0B
0D
07
0B
0C
07
0A
0D
07
0B
0F
08
09
05
03
05
05
03
02
02
02
03
03
02
03
05
06
04
05
03
04
03
04
03
03
02
03
02
03
03
02
03
03
02
02
02
02
02
03
04
03
03
02
03
02
03
02
03
02
02
02
03
03
02
02
02
03
04
03
03
02
02
02
03
02
03
05
05
03
04
03
03
02
02
02
02
02
02
03
04
06
09
0E
0E
08
0C
0D
07
0B
0C
07
0A
0D
07
09
05
07
04
04
02
02
02
02
03
04
05
03
05
05
03
02
03
04
03
03
02
03
02
03
04
03
03
02
03
02
02
02
03
04
03
03
02
03
02
03
02
03
02
02
02
03
04
02
02
02
02
03
04
03
03
02
03
02
03
02
03
02
03
04
03
04
03
03
02
02
02
02
02
02
03
04
06
09
0E
0E
08
0C
0C
07
0A
0D
07
0B
0E
08
09
05
07
04
03
04
03
03
02
03
05
05
03
04
03
03
02
03
04
03
03
02
03
02
03
03
02
03
04
03
04
03
02
02
02
03
04
05
03
02
03
02
03
02
03
02
03
02
03
04
03
0404
03
04
03
03
02
03
02
03
02
03
04
03
03
02
03
04
03
03
02
03
02
03
05
07
0B
0F
08
0C
0D
07
0B
0E
08
0C
0E
08
08
05
07
07
02
02
0303
02
03
05
06
04
05
03
03
02
03
03
02
03
02
03
02
02
02
03
03
02
03
03
02
03
02
03
02
03
04
03
04
04
03
04
03
03
02
03
04
03
0404
03
04
03
03
02
03
02
03
02
03
04
03
03
02
03
02
03
02
02
01
01
02
02
02
03
04
06
09
0E
0F
08
0C
0D
07
0B
0E
08
0C
10
09
09
05
03
04
03
03
02
02
02
03
04
05
03
04
03
03
02
03
04
03
03
02
03
02
02
02
03
03
02
02
02
02
02
03
03
02
03
02
03
05
05
03
02
03
03
02
03
05
05
03
05
05
03
03
02
03
02
03
02
03
04
03
03
02
03
02
03
02
02
02
01
01
0202
02
03
04
06
09
0E
0E
08
0C
0C
07
0A
0D
07
0B
10
10
05
03
05
05
03
04
03
04
05
03
05
05
03
04
03
03
02
03
04
03
03
02
03
02
02
02
03
03
02
02
02
03
02
03
02
03
04
03
03
02
03
02
03
03
02
03
02
03
03
02
02
02
03
04
05
03
04
03
04
03
03
02
03
04
03
03
02
02
02
02
02
02
01
01
01
0101
01
02
03
04
06
09
0D
07
0B
0D
07
0B
0D
07
0B
0D
07
0B
0C
06
04
06
06
04
06
03
02
03
02
03
05
06
04
04
03
04
03
04
03
03
02
02
02
03
03
02
02
02
02
02
03
03
02
02
02
02
03
04
03
03
02
03
02
03
02
03
03
02
03
04
03
04
05
03
03
02
02
02
02
02
03
03
02
03
04
03
03
02
02
02
02
02
02
02
02
02
03
04
06
09
0D
07
0B
0D
07
0B
0C
07
0A
0D
07
0B
0D
07
04
06
07
04
05
03
04
03
04
05
03
05
05
03
04
03
04
04
03
03
02
03
03
02
02
02
02
02
03
03
02
02
02
03
04
05
03
02
03
02
03
02
03
02
02
02
03
04
03
03
02
03
05
06
03
02
03
03
02
03
04
03
04
04
03
03
02
03
03
02
02
02
02
02
02
03
04
06
09
0E
08
0C
0D
07
0B
0D
07
0B
0C
07
0A
0B
05
03
05
05
03
04
03
03
02
03
02
03
05
05
03
04
03
0404
03
04
04
03
02
03
03
02
02
02
02
02
03
03
02
02
02
02
03
04
03
03
02
03
02
03
02
03
02
02
02
03
03
02
02
02
03
04
05
03
02
03
03
02
02
02
03
04
03
04
03
03
02
02
02
02
02
02
02
03
04
06
09
0E
0E
08
0C
0D
07
0B
0D
07
0B
10
09
09
05
05
03
03
02
03
05
05
03
04
03
03
02
03
04
03
03
02
