01
02
03
04
05
06
07
08
09
0A
0B
0C
0D
0E
0E
0E
0E
0E
0E
0E
0E
0E
0F
0F
0F
0F
0F
0F
0F
0F
0F
0F
0F
0F
0F
0F
0F
0F
0F
0F
0F
0F
0F
0F
0F
0F
0F
0F
0F
0F
0F
0F
0F
0F
0F
0F
0F
0F
0F
0F
0F
0F
0F
0F
0F
0F
0F
0F
0F
0F
0F
0F
0F
0F
0F
0F
0F
0F
0F
0F
0F
0F
0F
0F
0F
0F
0F
0F
0F
0F
10
10
10
10
10
10
10
10
10
10
11
12
12
12
12
12
12
12
12
12
12
12
12
12
12
12
12
12
12
12
12
12
12
12
12
12
12
12
12
12
12
12
12
12
12
12
12
12
12
12
12
12
12
12
12
12
12
12
12
12
12
12
12
12
12
12
12
12
12
12
12
12
12
12
13
13
14
14
15
15
15
15
15
15
15
15
15
15
15
15
15
15
15
15
15
15
15
15
15
115
16
16
17
17
17
17
17
17
17
17
17
17
17
17
17
17
17
17
17
17
17
18
18
19
19
19
19
1917
17
17
17
17
17
18
19
1A
1B
1B
1B
1B
1B
19
1918
18
18
18
18
18
18
18
18
18
18
18
18
18
18
18
18
18
18
18
18
18
18
18
18
18
18
18
18
18
18
18
18
18
18
18
18
18
18
18
18
18
18
18
18
18
18
18
18
18
18
18
18
18
18
18
18
18
18
18
18
18
18
18
18
18
18
1817
17
17
17
17
17
17
17
18
18
18
18
18
15
1514
14
14
14
14
14
14
14
14
14
14
14
14
14
14
14
14
14
14
14
14
14
14
14
14
14
14
14
14
14
14
14
14
14
14
14
14
14
14
14
14
14
14
14
14
14
14
14
14
14
14
14
14
15
15
15
15
15
15
15
15
15
15
15
15
15
15
15
15
15
15
15
15
15
16
16
17
17
17
17
17
17
17
17
17
17
17
17
17
17
17
17
17
17
17
17
17
17
18
18
19
19
19
19
1917
17
17
17
17
17
18
19
1A
1B
1B
1B
1B
1B
19
1918
18
18
18
18
17
17
17
17
17
17
17
15
1514
14
14
14
14
14
14
14
14
14
14
14
14
14
14
14
14
14
14
14
14
14
14
14
14
14
14
14
14
14
14
14
14
14
14
14
14
14
14
14
14
14
14
14
14
14
14
14
14
14
15
15
15
15
15
15
15
15
15
15
16
16
16
16
16
16
16
16
16
15
1514
14
14
14
14
14
14
14
14
14
14
14
14
14
14
14
14
14
14
14
14
14
14
14
14
14
14
14
14
14
14
14
14
14
14
14
14
14
14
14
14
14
14
14
14
14
14
14
14
14
14
15
15
16
16
16
16
16
16
16
16
16
16
16
16
16
16
16
16
16
16
16
16
16
17
17
17
17
17
17
17
17
17
17
17
17
17
17
17
17
17
17
17
17
17
17
18
18
19
19
19
19
1917
17
17
17
17
17
18
19
1A
1B
1A
1A
1A
1A
1A
1A
1A
1A
1A
1A
1A
1A
1A
1A
1A
1A
1A
1A
1A
1A
1A
1A
1A
1A
1A
1A
1A
1A
1A
1A
1A
1A
1A
1A
1A
1A
1A
1A
1A
1A
1A
1A
1A
1A
1A
1A
1A
1A
1A
1A
1A
1A
1A
1A
1A
1A
1A
1A
1A
1A
1A
1A
1A
1A
1A
1A
1A
1A
1A
1A
1A
1A
1A
1A
1A
1A
1A
1A
19
1918
18
19
19
18
17
17
17
17
17
17
17
15
1514
14
14
14
14
14
14
14
14
14
14
14
14
14
14
14
14
14
14
14
14
14
14
14
14
14
14
14
14
14
14
14
14
14
14
14
14
14
14
14
14
14
14
14
14
14
14
14
15
15
16
16
16
17
17
17
17
17
17
17
17
17
17
17
17
17
17
17
17
17
17
17
17
1818
19
19
19
19
19
19
19
19
19
19
19
19
19
19
19
19
19
19
19
19
119
19
19
1917
17
17
17
17
17
18
19
1A
1B
1A
1A
1A
1A
1A
1A
1A
1A
1A
1A
1A
1A
1A
1A
1A
1A
1A
1A
1A
1A
1A
1A
1A
1A
1A
1A
1A
1A
1A
1A
1A
1A
1A
1A
1A
1A
1A
1A
1A
1A
1A
1A
1A
1A
1A
1A
1A
1A
1A
1A
1A
1A
1A
1A
1A
1A
1A
1A
1A
1A
1A
1A
1A
1A
1A
1A
1A
1A
1A
1A
1A
1A
1A
1A
1A
1A
1A
1A
1A
19
1918
19
19
18
18
18
18
18
18
18
18
18
18
18
18
18
18
18
18
18
18
18
18
18
18
18
18
18
18
18
18
18
18
18
18
18
18
18
18
18
18
18
18
18
18
18
18
18
18
18
18
18
18
18
18
18
18
18
18
18
18
18
18
18
18
18
18
18
18
18
18
18
18
18
18
18
18
18
18
18
18
18
18
18
18
18
18
18
18
18
18
18
18
18
18
18
18
18
18
18
18
18
18
18
18
118
18
18
18
18
18
18
18
18
18
18
18
19
1A
1B
119
18
17
