01
02
03
04
03
04
05
06
07
08
07
08
09
08
09
0A
0B
0A
0B
0C
0B
0C
0B
0C
0D
0D
0E
0E
0F
0E
0F
10
0F
10
0F
10
11
10
11
12
11
12
13
12
13
12
13
12
13
12
13
12
13
14
13
14
13
14
13
14
13
14
13
14
13
14
14
15
14
15
14
15
14
15
16
15
16
15
16
15
16
15
16
15
16
15
16
15
16
15
16
15
16
15
16
15
14
15
16
15
16
15
16
15
16
15
16
15
16
15
16
17
16
17
17
18
17
18
17
18
17
18
17
18
17
18
17
18
17
17
18
17
18
17
18
17
18
17
18
17
18
17
17
18
17
18
17
18
17
18
17
16
17
16
17
16
17
16
17
16
17
16
17
16
17
16
17
16
17
16
17
16
17
16
17
16
17
16
16
17
16
17
16
17
16
17
16
17
16
17
16
17
16
17
16
17
16
17
16
17
16
17
16
17
16
15
16
15
15
16
15
16
15
16
15
16
15
16
15
16
15
16
15
14
15
14
15
14
15
14
15
14
15
14
15
15
16
15
16
15
16
15
16
15
16
15
16
15
16
15
16
15
16
15
16
15
16
15
16
15
16
15
16
15
16
15
14
15
16
15
16
15
16
15
16
15
16
15
16
15
16
15
16
15
16
15
16
15
16
15
14
15
16
15
16
15
16
15
16
15
16
15
16
15
16
17
16
17
16
17
16
17
16
17
17
18
17
18
17
18
17
18
17
18
17
18
17
18
17
18
17
18
17
17
18
17
17
18
17
18
17
18
17
18
17
16
17
16
17
16
17
16
17
16
17
16
17
16
17
16
17
16
17
16
17
16
17
16
17
16
17
16
16
17
16
17
16
17
16
17
17
18
17
18
17
18
17
18
17
18
17
18
17
18
17
18
17
18
17
16
17
16
16
17
16
17
16
15
16
15
16
15
16
15
16
15
14
15
14
15
14
15
14
15
14
15
14
15
15
16
15
16
15
16
15
16
15
16
15
16
15
16
15
15
16
15
16
15
16
15
15
16
15
16
15
16
15
15
16
17
16
17
16
17
16
17
16
17
16
17
16
17
16
17
16
17
16
17
16
17
16
15
16
17
16
17
16
17
16
17
16
17
16
17
16
17
18
17
18
17
18
17
18
17
18
17
18
17
18
17
18
17
18
17
17
18
17
18
17
18
17
18
17
17
18
17
18
17
18
17
18
17
18
17
18
17
16
17
16
17
16
17
16
17
16
17
16
17
16
17
16
17
16
17
16
17
16
17
16
17
16
17
16
16
17
16
17
16
17
16
17
17
18
17
18
17
18
17
18
17
18
17
18
17
18
17
18
17
18
17
16
17
16
15
16
15
16
15
14
15
14
15
14
15
14
15
14
15
14
15
14
15
14
15
14
15
14
15
14
15
15
16
15
16
15
16
15
16
15
16
15
16
15
16
15
15
16
15
16
15
16
15
16
15
16
15
16
15
16
15
15
16
16
17
16
17
16
17
16
17
16
17
16
17
16
17
16
17
16
17
16
17
16
15
16
17
16
17
16
17
16
17
16
17
16
17
16
17
17
18
17
18
17
18
17
18
17
18
17
18
17
18
17
18
17
17
18
17
18
17
18
17
18
17
17
18
17
18
17
18
17
18
17
18
17
18
17
16
17
16
17
16
17
16
17
16
17
16
17
16
17
16
17
16
17
16
17
16
17
16
17
16
17
16
17
16
17
16
17
16
17
16
17
18
17
18
17
18
17
18
17
18
17
18
17
18
17
18
17
18
17
18
17
16
17
16
15
16
15
16
15
15
16
15
16
15
16
15
16
15
16
15
16
15
16
15
16
15
16
15
16
15
16
15
16
15
16
15
16
15
16
15
16
15
16
15
16
15
16
15
16
15
16
15
16
15
15
16
15
16
15
16
15
15
16
17
16
17
16
17
16
17
16
17
16
17
16
17
16
17
16
17
16
17
16
17
16
15
16
17
16
17
16
17
16
17
16
17
16
17
16
17
18
17
18
17
18
17
18
17
18
17
18
17
18
17
18
17
18
17
17
18
17
18
17
18
17
18
17
17
18
17
18
17
18
17
18
17
18
17
18
17
16
17
16
17
16
17
16
17
16
17
16
17
16
17
16
17
16
17
16
17
16
17
16
17
16
17
16
17
16
17
16
17
16
17
16
17
17
18
17
18
17
18
17
18
17
18
17
18
17
18
17
18
17
18
17
16
17
16
15
16
15
16
15
14
15
14
15
14
15
14
15
14
15
14
15
14
15
14
