1.324273,0.003152,0,2.2242
1.324273,0.004903,1,2.1593
1.324273,0.004929,0,2.1600
1.324273,0.006680,1,2.0981
1.324273,0.006705,0,2.0988
1.324273,0.008457,1,2.0369
1.324273,0.008482,0,2.0369
1.324273,0.010234,1,1.9720
1.324273,0.010260,0,1.9669
1.324273,0.012011,1,1.9166
0.884547,0.002658,0,2.2096
0.884547,0.004408,1,2.1447
0.884547,0.004434,0,2.1455
0.884547,0.006185,1,2.0864
0.884547,0.006211,0,2.0843
0.884547,0.007961,1,2.0332
0.884547,0.007987,0,2.0289
0.884547,0.009738,1,1.9647
0.884547,0.009764,0,1.9626
0.884547,0.011516,1,1.9115
0.781090,0.003143,0,2.2322
0.781090,0.004893,1,2.1681
0.781090,0.004919,0,2.1630
0.781090,0.006669,1,2.0988
0.781090,0.006695,0,2.0988
0.781090,0.008445,1,2.0405
0.781090,0.008471,0,2.0369
0.781090,0.010222,1,1.9764
0.781090,0.010247,0,1.9728
0.781090,0.011998,1,1.9203
0.875896,0.002093,0,2.2264
0.875896,0.003843,1,2.1659
0.875896,0.003869,0,2.1593
0.875896,0.005619,1,2.0996
0.875896,0.005645,0,2.0988
0.875896,0.007396,1,2.0383
0.875896,0.007422,0,2.0383
0.875896,0.009173,1,1.9757
0.875896,0.009199,0,1.9735
0.875896,0.010950,1,1.9217
0.765660,0.002975,0,2.2285
0.765660,0.004725,1,2.1615
0.765660,0.004751,0,2.1659
0.765660,0.006502,1,2.1032
0.765660,0.006527,0,2.1032
0.765660,0.008278,1,2.0420
0.765660,0.008304,0,2.0405
0.765660,0.010054,1,1.9728
0.765660,0.010080,0,1.9735
0.765660,0.011831,1,1.9196
3.533892,0.002598,0,2.2300
3.533892,0.004348,1,2.1644
3.533892,0.004374,0,2.1666
3.533892,0.006124,1,2.1010
3.533892,0.006150,0,2.1025
3.533892,0.007900,1,2.0456
3.533892,0.007926,0,2.0449
3.533892,0.009676,1,1.9728
3.533892,0.009702,0,1.9749
3.533892,0.011453,1,1.9232
0.891907,0.003175,0,2.2242
0.891907,0.004925,1,2.1622
0.891907,0.004951,0,2.1571
0.891907,0.006702,1,2.0952
0.891907,0.006728,0,2.0930
0.891907,0.008478,1,2.0354
0.891907,0.008504,0,2.0354
0.891907,0.010255,1,1.9706
0.891907,0.010281,0,1.9698
0.891907,0.012032,1,1.9174
0.829560,0.002350,0,2.2315
0.829560,0.004101,1,2.1666
0.829560,0.004127,0,2.1608
0.829560,0.005878,1,2.1017
0.829560,0.005904,0,2.1047
0.829560,0.007655,1,2.0471
0.829560,0.007681,0,2.0449
0.829560,0.009432,1,1.9757
0.829560,0.009458,0,1.9735
0.829560,0.011209,1,1.9225
0.988783,0.001948,0,2.2183
0.988783,0.003699,1,2.1622
0.988783,0.003725,0,2.1579
0.988783,0.005476,1,2.0966
0.988783,0.005502,0,2.0959
0.988783,0.007254,1,2.0405
0.988783,0.007280,0,2.0376
0.988783,0.009031,1,1.9742
0.988783,0.009057,0,1.9706
0.988783,0.010809,1,1.9166
0.844778,0.002649,0,2.2293
0.844778,0.004400,1,2.1622
0.844778,0.004426,0,2.1615
0.844778,0.006178,1,2.1017
0.844778,0.006203,0,2.1047
0.844778,0.007955,1,2.0420
0.844778,0.007980,0,2.0405
0.844778,0.009732,1,1.9757
0.844778,0.009758,0,1.9720
0.844778,0.011509,1,1.9225
1.022369,0.002454,0,2.2315
1.022369,0.004205,1,2.1688
1.022369,0.004230,0,2.1651
1.022369,0.005981,1,2.1090
1.022369,0.006007,0,2.1039
1.022369,0.007758,1,2.0456
1.022369,0.007783,0,2.0478
1.022369,0.009534,1,1.9749
1.022369,0.009560,0,1.9771
1.022369,0.011311,1,1.9247
0.797933,0.003197,0,2.2271
0.797933,0.004948,1,2.1608
0.797933,0.004974,0,2.1630
0.797933,0.006725,1,2.0988
0.797933,0.006751,0,2.1003
0.797933,0.008501,1,2.0420
0.797933,0.008527,0,2.0383
0.797933,0.010278,1,1.9706
0.797933,0.010304,0,1.9706
0.797933,0.012055,1,1.9196
0.860564,0.003366,0,2.2227
0.860564,0.005118,1,2.1615
0.860564,0.005144,0,2.1549
0.860564,0.006895,1,2.0981
0.860564,0.006921,0,2.0952
0.860564,0.008672,1,2.0398
0.860564,0.008698,0,2.0391
0.860564,0.010449,1,1.9684
0.860564,0.010475,0,1.9684
0.860564,0.012226,1,1.9188
0.910677,0.002798,0,2.2329
0.910677,0.004549,1,2.1659
0.910677,0.004575,0,2.1673
0.910677,0.006326,1,2.1025
0.910677,0.006352,0,2.1047
0.910677,0.008103,1,2.0456
0.910677,0.008129,0,2.0456
0.910677,0.009881,1,1.9728
0.910677,0.009907,0,1.9764
0.910677,0.011658,1,1.9232
0.653938,0.002712,0,2.2322
0.653938,0.004463,1,2.1651
0.653938,0.004489,0,2.1630
0.653938,0.006240,1,2.1076
0.653938,0.006266,0,2.1025
0.653938,0.008016,1,2.0427
0.653938,0.008042,0,2.0427
0.653938,0.009793,1,1.9728
0.653938,0.009819,0,1.9735
0.653938,0.011571,1,1.9232
0.509901,0.002747,0,2.2293
0.509901,0.004498,1,2.1651
0.509901,0.004524,0,2.1615
0.509901,0.006275,1,2.1003
0.509901,0.006301,0,2.1017
0.509901,0.008052,1,2.0405
0.509901,0.008078,0,2.0383
0.509901,0.009829,1,1.9757
0.509901,0.009855,0,1.9720
0.509901,0.011606,1,1.9203
0.460894,0.002614,0,2.2300
0.460894,0.004365,1,2.1600
0.460894,0.004391,0,2.1622
0.460894,0.006142,1,2.0996
0.460894,0.006167,0,2.1017
0.460894,0.007918,1,2.0376
0.460894,0.007944,0,2.0362
0.460894,0.009695,1,1.9713
0.460894,0.009721,0,1.9698
0.460894,0.011472,1,1.9210
0.860184,0.002436,0,2.2242
0.860184,0.004188,1,2.1630
0.860184,0.004213,0,2.1571
0.860184,0.005965,1,2.0981
0.860184,0.005991,0,2.0981
0.860184,0.007742,1,2.0383
0.860184,0.007768,0,2.0383
0.860184,0.009520,1,1.9677
0.860184,0.009546,0,1.9698
0.860184,0.011298,1,1.9196
0.830240,0.002318,0,2.2271
0.830240,0.004069,1,2.1681
0.830240,0.004095,0,2.1630
0.830240,0.005846,1,2.0996
0.830240,0.005871,0,2.1017
0.830240,0.007622,1,2.0398
0.830240,0.007648,0,2.0398
0.830240,0.009399,1,1.9735
0.830240,0.009425,0,1.9742
0.830240,0.011176,1,1.9232
0.414631,0.002891,0,2.2271
0.414631,0.004642,1,2.1622
0.414631,0.004668,0,2.1630
0.414631,0.006419,1,2.0988
0.414631,0.006445,0,2.0988
0.414631,0.008196,1,2.0325
0.414631,0.008222,0,2.0347
0.414631,0.009974,1,1.9713
0.414631,0.010000,0,1.9655
0.414631,0.011751,1,1.9181
