0.007763,0.000635,0,2.2388
0.007763,0.000962,1,2.2322
0.007763,0.000988,0,2.2271
0.007763,0.001315,1,2.2096
0.007763,0.001341,0,2.2125
0.007763,0.001667,1,2.1979
0.007763,0.001693,0,2.1943
0.007763,0.002020,1,2.1848
0.007763,0.002046,0,2.1790
0.007763,0.002373,1,2.1681
0.007763,0.002399,0,2.1666
0.007763,0.002725,1,2.1600
0.007763,0.002751,0,2.1528
0.007763,0.003078,1,2.1447
0.007763,0.003104,0,2.1426
0.007763,0.003431,1,2.1360
0.011240,0.003457,0,2.1294
0.011240,0.003783,1,2.1156
0.011240,0.003809,0,2.1163
0.011240,0.004136,1,2.1119
0.011240,0.004162,0,2.1141
0.011240,0.004489,1,2.0988
0.011240,0.004515,0,2.0981
0.011240,0.004841,1,2.0850
0.011240,0.004867,0,2.0864
0.011240,0.005194,1,2.0755
0.011240,0.005220,0,2.0762
0.011240,0.005547,1,2.0609
0.011240,0.005573,0,2.0580
0.011240,0.005899,1,2.0485
0.011240,0.005925,0,2.0485
0.011240,0.006252,1,2.0405
0.014632,0.006278,0,2.0362
0.014632,0.006605,1,2.0252
0.014632,0.006631,0,2.0201
0.014632,0.006958,1,2.0055
0.014632,0.006984,0,2.0114
0.014632,0.007310,1,1.9968
0.014632,0.007336,0,1.9975
0.014632,0.007663,1,1.9815
0.014632,0.007689,0,1.9851
0.014632,0.008016,1,1.9757
0.014632,0.008042,0,1.9735
0.014632,0.008369,1,1.9618
0.014632,0.008395,0,1.9640
0.014632,0.008721,1,1.9523
0.014632,0.008747,0,1.9480
0.014632,0.009074,1,1.9392
0.007629,0.000754,0,2.2256
0.007629,0.001081,1,2.2132
0.007629,0.001107,0,2.2111
0.007629,0.001434,1,2.1958
0.007629,0.001460,0,2.1987
0.007629,0.001787,1,2.1841
0.007629,0.001812,0,2.1797
0.007629,0.002139,1,2.1717
0.007629,0.002165,0,2.1666
0.007629,0.002492,1,2.1571
0.007629,0.002518,0,2.1593
0.007629,0.002845,1,2.1447
0.007629,0.002871,0,2.1426
0.007629,0.003197,1,2.1382
0.007629,0.003223,0,2.1316
0.007629,0.003550,1,2.1214
0.011257,0.003576,0,2.1221
0.011257,0.003903,1,2.1098
0.011257,0.003929,0,2.1098
0.011257,0.004256,1,2.1039
0.011257,0.004281,0,2.0996
0.011257,0.004608,1,2.0879
0.011257,0.004634,0,2.0901
0.011257,0.004961,1,2.0799
0.011257,0.004987,0,2.0784
0.011257,0.005314,1,2.0653
0.011257,0.005340,0,2.0638
0.011257,0.005666,1,2.0536
0.011257,0.005692,0,2.0536
0.011257,0.006019,1,2.0442
0.011257,0.006045,0,2.0420
0.011257,0.006372,1,2.0289
0.014637,0.006398,0,2.0281
0.014637,0.006725,1,2.0165
0.014637,0.006750,0,2.0187
0.014637,0.007077,1,2.0055
0.014637,0.007103,0,2.0063
0.014637,0.007430,1,1.9910
0.014637,0.007456,0,1.9917
0.014637,0.007783,1,1.9786
0.014637,0.007809,0,1.9793
0.014637,0.008135,1,1.9669
0.014637,0.008161,0,1.9684
0.014637,0.008488,1,1.9589
0.014637,0.008514,0,1.9582
0.014637,0.008841,1,1.9487
0.014637,0.008867,0,1.9516
0.014637,0.009194,1,1.9370
0.009213,0.001524,0,2.2388
0.009213,0.001851,1,2.2322
0.009213,0.001877,0,2.2300
0.009213,0.002203,1,2.2125
0.009213,0.002229,0,2.2147
0.009213,0.002556,1,2.2089
0.009213,0.002582,0,2.2096
0.009213,0.002909,1,2.2001
0.009213,0.002934,0,2.1965
0.009213,0.003261,1,2.1834
0.009213,0.003287,0,2.1797
0.009213,0.003614,1,2.1681
0.009213,0.003640,0,2.1688
0.009213,0.003966,1,2.1608
0.009213,0.003992,0,2.1542
0.009213,0.004319,1,2.1411
0.012686,0.004345,0,2.1440
0.012686,0.004671,1,2.1331
0.012686,0.004697,0,2.1309
0.012686,0.005024,1,2.1221
0.012686,0.005050,0,2.1178
0.012686,0.005376,1,2.1083
0.012686,0.005402,0,2.1032
0.012686,0.005729,1,2.0981
0.012686,0.005755,0,2.0923
0.012686,0.006082,1,2.0821
0.012686,0.006107,0,2.0784
0.012686,0.006434,1,2.0675
0.012686,0.006460,0,2.0682
0.012686,0.006787,1,2.0609
0.012686,0.006813,0,2.0624
0.012686,0.007139,1,2.0434
0.016030,0.007165,0,2.0420
0.016030,0.007492,1,2.0347
0.016030,0.007518,0,2.0332
0.016030,0.007845,1,2.0391
0.016030,0.007871,0,2.0420
0.016030,0.008198,1,2.0048
0.016030,0.008223,0,2.0099
0.016030,0.008550,1,1.9902
0.016030,0.008576,0,1.9910
0.016030,0.008903,1,1.9815
0.016030,0.008929,0,1.9771
0.016030,0.009255,1,1.9706
0.016030,0.009281,0,1.9669
0.016030,0.009608,1,1.9560
0.016030,0.009634,0,1.9582
0.016030,0.009961,1,1.9465
0.007864,0.001505,0,2.2388
0.007864,0.001831,1,2.2293
0.007864,0.001857,0,2.2227
0.007864,0.002184,1,2.2089
0.007864,0.002210,0,2.2103
0.007864,0.002537,1,2.1979
0.007864,0.002563,0,2.1943
0.007864,0.002890,1,2.1856
0.007864,0.002915,0,2.1834
0.007864,0.003242,1,2.1695
0.007864,0.003268,0,2.1702
0.007864,0.003595,1,2.1564
0.007864,0.003621,0,2.1571
0.007864,0.003947,1,2.1455
0.007864,0.003973,0,2.1484
0.007864,0.004300,1,2.1338
0.011333,0.004326,0,2.1367
0.011333,0.004653,1,2.1178
0.011333,0.004679,0,2.1214
0.011333,0.005005,1,2.1076
0.011333,0.005031,0,2.1076
0.011333,0.005358,1,2.0988
0.011333,0.005384,0,2.1017
0.011333,0.005711,1,2.0894
0.011333,0.005737,0,2.0864
0.011333,0.006063,1,2.0755
0.011333,0.006089,0,2.0755
0.011333,0.006416,1,2.0638
0.011333,0.006442,0,2.0638
0.011333,0.006769,1,2.0522
0.011333,0.006795,0,2.0478
0.011333,0.007122,1,2.0398
0.014747,0.007148,0,2.0434
0.014747,0.007475,1,2.0376
0.014747,0.007500,0,2.0405
0.014747,0.007827,1,2.0238
0.014747,0.007853,0,2.0281
0.014747,0.008180,1,2.0048
0.014747,0.008206,0,2.0034
0.014747,0.008533,1,1.9873
0.014747,0.008559,0,1.9881
0.014747,0.008886,1,1.9757
0.014747,0.008911,0,1.9713
0.014747,0.009238,1,1.9640
0.014747,0.009264,0,1.9633
0.014747,0.009591,1,1.9560
0.014747,0.009617,0,1.9523
0.014747,0.009944,1,1.9429
0.009154,0.001184,0,2.2409
0.009154,0.001511,1,2.2358
0.009154,0.001537,0,2.2285
0.009154,0.001863,1,2.2162
0.009154,0.001889,0,2.2154
0.009154,0.002216,1,2.2016
0.009154,0.002242,0,2.1972
0.009154,0.002569,1,2.1885
0.009154,0.002595,0,2.1863
0.009154,0.002922,1,2.1724
0.009154,0.002947,0,2.1761
0.009154,0.003274,1,2.1608
0.009154,0.003300,0,2.1637
0.009154,0.003627,1,2.1549
0.009154,0.003653,0,2.1484
0.009154,0.003980,1,2.1389
0.012590,0.004006,0,2.1382
0.012590,0.004333,1,2.1280
0.012590,0.004358,0,2.1324
0.012590,0.004685,1,2.1170
0.012590,0.004711,0,2.1178
0.012590,0.005038,1,2.1068
0.012590,0.005064,0,2.1025
0.012590,0.005391,1,2.0959
0.012590,0.005416,0,2.0923
0.012590,0.005743,1,2.0843
0.012590,0.005769,0,2.0835
0.012590,0.006096,1,2.0689
0.012590,0.006122,0,2.0631
0.012590,0.006449,1,2.0544
0.012590,0.006475,0,2.0529
0.012590,0.006801,1,2.0434
0.015978,0.006827,0,2.0427
0.015978,0.007154,1,2.0362
0.015978,0.007180,0,2.0332
0.015978,0.007507,1,2.0165
0.015978,0.007533,0,2.0201
0.015978,0.007860,1,2.0085
0.015978,0.007885,0,1.9968
0.015978,0.008212,1,1.9917
0.015978,0.008238,0,1.9881
0.015978,0.008565,1,1.9808
0.015978,0.008591,0,1.9786
0.015978,0.008918,1,1.9706
0.015978,0.008944,0,1.9669
0.015978,0.009270,1,1.9567
0.015978,0.009296,0,1.9582
0.015978,0.009623,1,1.9465
