01
02
03
04
05
06
07
08
09
0A
0B
  0A
0B
0C
0D
0E
0F
10
10
11
12
13
14
15
14
15
16
17
18
18
19
1A
1B
1C
1D
1E
1F
20
21
22
23
24
25
26
27
28
29
2A
2A
2B
2C
2D
2E
2F
30
31
32
33
34
35
36
37
38
39
3A
3B
3C
3D
3D
3E
3F
40
40
40
40
40
40
40
40
40
40
40
40
40
40
3F
40
40
40
40
40
40
40
40
40
40
40
40
40
40
40
40
40
40
40
40
43F
3E
3D
3C
3B
3A
39
38
37
36
35
34
33
32
31
30
2F
2E
2D
2C
2B
2A
29
28
27
26
25
24
23
22
21
20
1F
1E
11E
1F
21F
1F
20
21
22
23
24
25
26
27
28
29
2A
2B
2C
2D
2E
2F
30
3130
2F
2E
2D
2C
2B
2A
29
28
27
26
25
24
23
22
21
20
1F
1F
1E
1F
1E
1F
1F
20
20
1F
1E
1E
1F
20
21
22
23
24
25
26
27
28
29
2A
2B
2C
2D
2E
2E
2F
30
31
32
33
34
35
36
37
38
39
3A
3B
3C
3D
3E
3F
3F
40
40
40
40
40
40
40
40
40
40
40
40
40
40
40
40
40
40
403F
3E
3D
3C
3B
3A
39
38
37
36
35
34
33
32
31
30
2F
2E
2D
2C
2B
2A
29
28
27
26
25
24
23
22
21
20
1F
1F
20
21
22
23
24
25
26
27
28
29
2A
2B
2C
2D
2E
2F
2F
30
31
32
33
34
35
36
37
38
39
3A
3B
3C
3D
3E
3F
40
40
40
40
3F
3E
3D
3C
3B
3A
39
38
37
36
35
34
33
32
31
30
2F
2E
2D
2C
2B
2A
29
28
27
26
25
24
23
22
21
20
1F
1E
11E
1F
20
1F
1F
1E
1D
1C
1C
1D
1C
1D
1D
1E
1F
20
21
22
23
24
25
26
27
28
29
2A
2B
2C
2D
22D
2C
2B
2A
29
28
27
26
25
24
23
22
21
20
20
21
22
23
24
25
26
27
28
29
2A
2B
2C
2D
2E
2F
30
31
32
33
34
35
35
34
33
32
31
30
2F
2E
2D
2C
2B
2A
29
28
27
26
25
24
23
22
21
20
1F
1E
1F
20
1F
1E
1D
1E
1E
1F
1F
1E
1D
1E
1E
1F
201F
1E
1D
1C
1B
1B
1C
1D
1E
1F
20
21
22
23
24
25
26
27
28
29
2A
2B
2C
2D
2E
2E
2F
30
31
32
33
34
35
36
37
38
39
3A
3B
3C
3D
3E
3F
40
3F
3E
3D
3C
3B
3A
39
38
37
36
35
34
33
32
31
30
2F
2E
2D
2C
2B
2A
29
28
27
26
25
24
23
22
21
20
1F
1E
1D
1C
1B
1A
19
17
16
15
14
13
12
11
10
0F
0E
0D
0C
0B
0A
09
08
07
05
04
03
02
01
01
01
01
01
01
01
01
01
01
01
01
01
01
01
01
01
01
01
01
01
01
01
01
01
01
01
01
01
01
01
01
01
01
01
01
01
01
01
01
01
01
01
01
01
01
01
01
01
01
01
01
01
01
01
01
01
01
01
01
01
01
01
01
01
01
01
01
01
01
01
01
01
01
01
01
01
01
01
01
01
01
01
01
01
01
01
01
01
01
01
01
01
01
01
01
01
01
01
01
01
01
01
01
01
01
01
01
01
01
01
01
01
01
01
01
01
01
01
01
01
01
01
01
01
01
01
01
01
01
01
01
01
01
01
01
01
01
01
01
01
01
01
01
01
01
01
01
01
01
01
01
01
01
01
01
01
01
01
01
01
01
01
01
01
01
01
01
01
01
01
01
01
01
01
01
01
01
01
01
01
01
01
01
01
01
01
01
01
01
01
01
01
01
01
01
01
01
01
01
01
01
01
01
01
01
01
01
01
01
01
01
01
01
01
01
01
01
01
01
01
01
01
01
01
01
01
01
01
01
01
01
01
01
01
01
01
01
01
01
01
01
01
01
01
01
01
01
01
01
01
01
01
01
01
01
01
01
01
01

