06
03
04
06
09
03
05
07
02
03
05
06
02
03
03
01
02
03
04
07
02
03
05
05
02
02
03
04
01
02
02
03
03
02
03
03
02
03
04
02
03
03
01
02
02
02
01
02
0202
02
03
04
05
02
03
03
01
02
02
02
01
02
02
02
01
02
02
03
02
03
03
01
02
02
03
05
05
02
02
03
01
02
02
03
03
01
02
02
03
01
02
02
03
04
02
03
04
01
02
02
03
03
01
02
03
04
05
03
07
09
10
11
13
14
14
09
0A
0E
10
11
11
03
04
05
06
07
08
0C
0E
0E
03
04
05
06
07
08
0C
0E
01
02
02
03
03
04
0E
04
05
06
07
08
0C
0E
03
04
05
06
07
08
0C
0D
03
04
05
06
07
08
0C
0E
0E
03
04
05
06
07
08
0C
0E
0F
0F
03
04
05
06
07
08
0C
0E
0E
03
04
05
06
07
08
0C
0E
0E
03
04
05
06
07
08
0C
0E
0F
0F
03
04
05
06
07
08
0C
0E
0F
0F
03
04
05
06
07
08
0C
0E
0E
03
04
05
06
07
08
0C
0E
0F
0F
03
04
05
06
07
08
0C
0E
0F0F
03
04
05
06
07
08
0C
0E
0F
10
03
04
05
05
06
07
08
0C
0E
0F
03
04
04
05
06
07
08
0C
0E
0F
0F
03
04
04
05
06
07
08
0C
0E
0F
11
12
01
02
02
03
03
04
05
02
03
04
05
02
03
05
01
02
02
03
03
04
05
02
03
05
05
02
02
03
03
02
03
04
04
01
02
02
02
01
02
02
02
02
03
04
02
03
03
01
02
02
03
01
02
02
03
02
03
05
05
02
02
03
04
02
03
03
01
02
02
03
04
02
03
03
01
02
02
03
05
05
02
02
03
04
02
03
04
04
01
02
02
03
04
02
03
03
01
02
02
02
01
02
02
02
01
02
02
01
02
03
01
02
02
03
03
04
10
04
05
05
06
08
09
0D
0E
03
04
04
05
06
07
08
0C
0D
03
04
04
05
06
07
08
0C
0E
03
04
04
05
06
07
08
0A
03
04
06
07
03
03
05
05
02
02
03
03
02
03
04
05
02
03
05
05
02
02
03
05
05
02
02
03
04
02
03
05
05
02
02
03
04
02
03
03
01
02
02
03
02
03
05
05
02
02
03
01
02
02
02
01
02
02
02
01
02
02
03
02
03
04
02
03
04
05
02
03
03
01
02
02
02
01
02
02
02
01
02
02
02
01
02
02
03
04
02
03
04
04
01
02
02
02
01
02
02
01
02
03
04
04
03
04
06
06
08
09
0A
0E
10
10
03
04
04
05
06
07
08
0C
0E
00F
03
04
04
05
06
07
08
0C
0E
0F
01
02
02
03
03
04
09
03
05
06
02
03
05
05
02
02
03
01
02
02
03
03
04
05
02
03
04
05
02
03
04
01
02
02
03
03
01
02
02
03
02
03
03
01
02
02
03
02
03
04
02
03
004
01
02
02
03
05
01
02
02
03
03
04
04
01
02
02
03
04
02
03
04
04
01
02
02
003
01
02
03
04
05
02
03
03
01
02
02
03
03
02
03
04
04
01
02
02
03
01
02
02
02
01
02
02
02
01
02
02
01
02
03
03
02
03
05
06
06
08
09
0A
0E
0E
03
04
04
05
06
07
08
0C
0E0E
03
04
04
05
06
07
08
0C
0E
03
04
04
05
06
07
08
0C
0C
03
05
05
02
03
04
04
01
02
02
03
04
02
03
04
05
02
03
05
05
02
02
03
05
05
02
02
03
04
02
03
04
03
004
02
03
03
01
02
02
03
02
03
05
05
02
02
03
03
02
03
03
01
02
02
03
04
02
03
03
01
02
02
03
05
05
02
02
02
01
02
02
02
01
02
02
03
01
02
02
02
01
02
02
03
04
02
03
03
01
02
02
03
04
02
02
02
03
04
05
03
05
06
06
08
09
0A
0E
10
11
03
04
04
05
06
07
08
0C
0E
0F
03
04
04
05
06
07
08
0C
0E
0F
0F
04
06
09
09
03
04
04
01
02
02
03
03
02
03
04
05
02
03
05
05
02
02
02
01
02
02
03
03
01
02
02
03
02
03
03
01
02
02
03
02
03
04
02
03
03
01
02
02
03
01
02
02
03
03
04
04
01
02
02
0303
02
03
04
04
01
02
02
03
04
02
03
04
01
02
02
03
05
05
02
02
03
03
02
03
04
01
02
02
02
01
02
02
03
04
02
03
04
01
02
02
02
01
02
02
02
01
02
02
01
02
03
03
02
03
05
06
06
08
09
0A
0E
0F
03
04
04
05
06
07
08
0C
0E
0E
03
04
04
05
06
07
08
0C
